1692111888519128241 2.471196 32216.682317 32360 79 0.000000
1692111889685694479 2.484441 32104.478197 37452 79 0.000000
1692111890849524331 2.409277 33087.310034 38508 80 0.000000
1692111892028098784 2.394967 33270.702077 39212 81 0.000000
1692111893206308739 235146138.352254 33291.181930 39224 80 0.000000
1692111894385316514 2.465909 32328.031085 38115 80 0.000000
1692111895590985401 2.423954 32874.698227 39636 81 0.000000
1692111896787353082 2.422569 32899.584548 39360 81 0.000000
1692111897979793283 2.417940 32958.466454 39301 81 0.000000
1692111899191211577 233497180.663917 32607.234017 39501 83 0.000000
1692111900395402294 234954456.206169 32599.487041 39256 83 0.000000
1692111901552221842 2.435346 32721.612104 37853 83 0.000000
1692111902745952005 2.485691 32068.386296 38281 83 0.000000
1692111903920196736 2.470583 32254.775346 37875 83 0.000000
1692111905097971880 2.434379 32738.844962 38559 83 0.000000
1692111906270348319 2.509514 31764.543625 37240 82 0.000000
1692111907462863605 2.420301 32923.686598 39262 82 0.000000
1692111908677394221 2.419370 32940.297924 40007 82 0.000000
1692111909867130607 2.452176 32497.114296 38663 82 0.000000
1692111911039758131 2.420829 32926.054189 38610 83 0.000000
1692111912216369818 2.470431 32251.082192 37947 82 0.000000
1692111913411732929 2.440950 32658.698054 39039 83 0.000000
1692111914597173350 2.476279 32189.724242 38159 83 0.000000
1692111915773123609 2.437453 32691.008185 38443 83 0.000000
1692111916960751965 2.453093 32496.698256 38594 83 0.000000
1692111918133381897 2.428692 32819.390378 38485 82 0.000000
1692111919324290439 2.420987 32911.007674 39194 83 0.000000
1692111920495724835 249367943.608660 31574.106314 36987 84 0.000000
1692111921693469766 2.420949 32916.026551 39425 84 0.000000
1692111922885196417 2.437594 32689.545638 38957 84 0.000000
1692111924115554467 2.470140 32271.903891 39706 84 0.000000
1692111925286958841 2.439898 32655.677111 38253 83 0.000000
1692111926489886619 2.477340 32170.675901 38699 84 0.000000
1692111927676685919 2.464691 32349.193603 38392 83 0.000000
1692111928857005678 2.419971 32927.517656 38865 83 0.000000
1692111930020808021 2.376147 33542.637893 39037 83 0.000000
1692111931183168908 2.414580 32988.033064 38344 83 0.000000
1692111932357406994 2.459448 32418.468820 38067 83 0.000000
1692111933515023967 2.442304 32639.465666 37784 83 0.000000
1692111934690891055 2.424866 32850.649167 38628 84 0.000000
1692111935875910902 2.417136 32974.133113 39075 84 0.000000
1692111937042277819 2.446871 32560.080282 37977 84 0.000000
1692111938240339652 2.450061 32541.726083 38987 84 0.000000
1692111939413841101 2.396782 33256.030092 39026 83 0.000000
1692111940601926352 2.427890 32805.724319 38976 84 0.000000
1692111941788881597 2.432880 32772.931786 38900 84 0.000000
1692111942976858997 2.446153 32585.636730 38711 84 0.000000
1692111944181692990 2.463879 32339.724594 38964 84 0.000000
1692111945338472017 246666991.042456 32324.234395 37392 85 0.000000
1692111946515288085 2.408939 33077.390587 38926 85 0.000000
1692111947675899015 2.453781 32482.030206 37699 86 0.000000
1692111948875734899 236684855.462183 32478.607034 38969 85 0.000000
1692111950060024062 2.445109 32581.571730 38586 86 0.000000
1692111951234668191 2.454309 32482.177909 38155 86 0.000000
1692111952421172540 2.474296 32205.526833 38212 85 0.000000
1692111953652082036 2.472551 32237.141066 39681 86 0.000000
1692111954831841287 2.445795 32587.156393 38445 86 0.000000
1692111956028042140 2.418493 32960.182304 39427 85 0.000000
1692111957257322589 2.414451 33001.420806 40568 85 0.000000
1692111958443329256 2.426571 32839.613255 38948 85 0.000000
1692111959621132238 2.449813 32535.153031 38320 85 0.000000
1692111960793667044 2.429678 32801.584967 38461 85 0.000000
1692111961988216745 2.416436 32991.511058 39410 86 0.000000
1692111963190952141 2.497879 31899.783195 38367 85 0.000000
1692111964362462535 2.433168 32756.006793 38374 86 0.000000
1692111965550819100 2.457802 32432.184677 38541 85 0.000000
1692111966732820860 2.427133 32823.132175 38797 85 0.000000
1692111967915545916 2.472404 32239.106630 38130 85 0.000000
1692111969116515267 2.432784 32756.873396 39340 85 0.000000
1692111970309208203 2.447595 32573.346299 38850 86 0.000000
1692111971503527719 2.474437 32192.388681 38448 86 0.000000
1692111972681308982 238897951.998128 32780.282138 38608 86 0.000000
1692111973829755942 2.452401 32493.446345 37317 86 0.000000
1692111975019896999 2.459098 32405.402350 38567 86 0.000000
1692111976213787108 2.447483 32564.973863 38879 87 0.000000
1692111977390049342 2.436564 32706.992834 38472 87 0.000000
1692111978605696916 2.478318 32157.345652 39092 87 0.000000
1692111979787426400 2.417703 32960.166369 38950 87 0.000000
1692111980973201976 2.454203 32485.911090 38521 87 0.000000
1692111982149858752 2.450210 32522.652287 38268 87 0.000000
1692111983377358596 2.480880 32119.760075 39427 87 0.000000
1692111984561068574 2.385762 33330.798506 39454 86 0.000000
1692111985724512129 2.454911 32539.611881 37858 87 0.000000
1692111986888344579 2.373936 33570.123368 39070 86 0.000000
1692111988092255442 2.453695 32491.608845 39117 86 0.000000
1692111989283644429 2.434182 32727.346337 38991 86 0.000000
1692111990482686579 2.442111 32636.884366 39133 86 0.000000
1692111991637166918 2.433884 32748.065341 37807 87 0.000000
1692111992845474609 2.427012 32826.077931 39664 86 0.000000
1692111994032779348 2.475666 32207.401082 38240 86 0.000000
1692111995208276327 2.420936 32902.677520 38677 86 0.000000
1692111996383304582 2.389123 33366.006477 39206 87 0.000000
1692111997569200616 2.416899 32986.030325 39118 86 0.000000
1692111998769380095 2.439230 32670.113341 39210 87 0.000000
1692111999955671530 2.420905 32914.338674 39046 87 0.000000
1692112001111314563 2.442969 32596.572399 37670 87 0.000000
1692112002276840904 2.437910 32703.679133 38117 86 0.000000
1692112003490422338 2.431657 32789.723938 39793 87 0.000000
1692112004702444744 2.466273 32307.158253 39157 87 0.000000
1692112005885274134 2.402054 33180.610458 39247 86 0.000000
1692112007058925814 2.451893 32507.088163 38152 86 0.000000
1692112008221701831 2.428417 32813.715217 38155 87 0.000000
1692112009380476845 2.425184 32863.152048 38081 87 0.000000
1692112010567092592 2.459291 32413.187860 38462 86 0.000000
1692112011736672283 2.476517 32179.082569 37636 87 0.000000
1692112012897317153 2.438322 32673.212582 37922 86 0.000000
1692112014085729835 2.424992 32872.421720 39066 87 0.000000
1692112015270424531 2.457775 32430.296615 38420 86 0.000000
1692112016458069249 2.453322 32481.094014 38576 86 0.000000
1692112017628821898 2.457527 32427.857274 37965 87 0.000000
1692112018814795677 2.306540 34553.883674 40980 87 0.000000
1692112020008163181 2.440870 32656.326510 38971 87 0.000000
1692112021213163755 2.388665 33357.661428 40196 87 0.000000
1692112022387915866 2.440909 32655.400316 38362 86 0.000000
1692112023588100469 2.425595 32847.446502 39423 87 0.000000
1692112024777563310 2.403740 33168.753693 39453 87 0.000000
1692112025989845600 2.403348 33163.892602 40204 87 0.000000
1692112027162244951 2.434779 32732.018476 38375 86 0.000000
1692112028318921651 2.418340 32965.999170 38131 86 0.000000
1692112029504660124 2.427288 32819.210485 38915 86 0.000000
1692112030736428615 2.420713 32922.581995 40553 87 0.000000
1692112031920734388 2.418210 32959.393781 39034 86 0.000000
1692112033099774300 2.377268 33523.886340 39526 87 0.000000
1692112034320302904 2.441626 32635.039244 39832 87 0.000000
1692112035506693130 240079445.349243 32382.262513 38418 88 0.000000
1692112036672722147 2.429026 32801.070817 38247 88 0.000000
